[gd_scene load_steps=6 format=3 uid="uid://tu812sqf4o5h"]

[ext_resource type="PackedScene" uid="uid://d24ay6oxa4o2b" path="res://Enemys/SkeletonWarrior1.tscn" id="1_85s4g"]

[sub_resource type="NavigationMesh" id="NavigationMesh_fs1gx"]
vertices = PackedVector3Array(-1.5, 1, -0.25, -1.75, 1, -0.5, -2.75, 1, -0.25, -3.25, 1, 0.5, -1.25, 1, 1, 0.25, 1, 2.5, -0.25, 1, 2.25, -0.75, 1, 3.5, 1.25, 1, 3.75, -1.25, 1, -3.75, -0.25, 1, -2.75, 0.25, 1, -2.75, 1.25, 1, -3.75, 3.75, 1, -1.25, 2.75, 1, -0.25, 2.75, 1, 0.25, 3.75, 1, 1.25, 4.5, 1, 4.5, 4.5, 1, -4.5, 3.75, 1, -1.25, 3.75, 1, 1.25, 4.5, 1, 4.5, 2, 1, 3.75, 1.25, 1, 3.75, -3.25, 1, 0.5, -2.75, 1, -0.25, -3.75, 1, -1.25, -4.5, 1, 4.5, -2, 1, 3.5, -3.75, 1, 2.5, 4.5, 1, 4.5, 3.75, 1, 2, 2, 1, 3.75, 4.5, 1, 4.5, 3.75, 1, 1.25, 3.75, 1, 2, -4.5, 1, -4.5, -3.75, 1, -2, -2, 1, -3.75, 1.25, 1, 3.75, -0.75, 1, 3.5, -2, 1, 3.5, -4.5, 1, 4.5, 4.5, 1, 4.5, -4.5, 1, -4.5, -2, 1, -3.75, -1.25, 1, -3.75, -3.75, 1, -1.25, -3.75, 1, -2, -4.5, 1, -4.5, -3.75, 1, 2.5, -3.25, 1, 0.5, -3.75, 1, -1.25, 4.5, 1, -4.5, -4.5, 1, -4.5, -1.25, 1, -3.75, 1.25, 1, -3.75, -3.75, 1, -1.25, -4.5, 1, -4.5, -4.5, 1, 4.5, -3.75, 1, 2.5, 4.5, 1, -4.5, 1.25, 1, -3.75, 2, 1, -3.75, 4.5, 1, -4.5, 2, 1, -3.75, 3.75, 1, -2, 4.5, 1, -4.5, 3.75, 1, -2, 3.75, 1, -1.25, 2, 1, 0.25, 2.75, 1, 0.25, 2.75, 1, -0.25, 2, 1, -0.25, 1.5, 1, -0.5, 1.5, 1, 0.5, 2, 1, 0.25, 2, 1, -0.25, 0.25, 1, -2, 0.25, 1, -2.75, -0.25, 1, -2.75, -0.25, 1, -2, 0.25, 1, -2, -0.25, 1, -2, -0.5, 1, -1.25, 1.5, 1, -0.5, 0.75, 1, 1.25, -0.5, 1, 1.25, -0.25, 1, 2.25, 0.25, 1, 2.5, 0.75, 1, 1.25, 0.25, 1, 2.5, 2, 1, 0.25, 1.5, 1, 0.5, -1.75, 1, -0.5, -1.5, 1, -0.25, -0.5, 1, -1.25, -0.25, 1, -2, 1.5, 1, -0.5, 2, 1, -0.25, 0.25, 1, -2)
polygons = [PackedInt32Array(1, 0, 2), PackedInt32Array(2, 0, 3), PackedInt32Array(3, 0, 4), PackedInt32Array(6, 5, 7), PackedInt32Array(7, 5, 8), PackedInt32Array(10, 9, 11), PackedInt32Array(11, 9, 12), PackedInt32Array(14, 13, 15), PackedInt32Array(15, 13, 16), PackedInt32Array(20, 19, 17), PackedInt32Array(17, 19, 18), PackedInt32Array(23, 22, 21), PackedInt32Array(26, 25, 24), PackedInt32Array(29, 28, 27), PackedInt32Array(32, 31, 30), PackedInt32Array(35, 34, 33), PackedInt32Array(38, 37, 36), PackedInt32Array(40, 39, 41), PackedInt32Array(41, 39, 42), PackedInt32Array(42, 39, 43), PackedInt32Array(46, 45, 44), PackedInt32Array(49, 48, 47), PackedInt32Array(52, 51, 50), PackedInt32Array(56, 55, 53), PackedInt32Array(53, 55, 54), PackedInt32Array(60, 59, 57), PackedInt32Array(57, 59, 58), PackedInt32Array(63, 62, 61), PackedInt32Array(66, 65, 64), PackedInt32Array(69, 68, 67), PackedInt32Array(73, 72, 70), PackedInt32Array(70, 72, 71), PackedInt32Array(77, 76, 74), PackedInt32Array(74, 76, 75), PackedInt32Array(81, 80, 78), PackedInt32Array(78, 80, 79), PackedInt32Array(83, 82, 84), PackedInt32Array(84, 82, 85), PackedInt32Array(88, 87, 89), PackedInt32Array(89, 87, 86), PackedInt32Array(93, 92, 90), PackedInt32Array(90, 92, 91), PackedInt32Array(95, 94, 96), PackedInt32Array(96, 94, 97), PackedInt32Array(98, 100, 99)]

[sub_resource type="ProceduralSkyMaterial" id="ProceduralSkyMaterial_mqoie"]
sky_horizon_color = Color(0.64625, 0.65575, 0.67075, 1)
ground_horizon_color = Color(0.64625, 0.65575, 0.67075, 1)

[sub_resource type="Sky" id="Sky_mvvar"]
sky_material = SubResource("ProceduralSkyMaterial_mqoie")

[sub_resource type="Environment" id="Environment_1e4bn"]
background_mode = 2
sky = SubResource("Sky_mvvar")
tonemap_mode = 2

[node name="NavigationRegion3D" type="NavigationRegion3D"]
navigation_mesh = SubResource("NavigationMesh_fs1gx")

[node name="WorldEnvironment" type="WorldEnvironment" parent="."]
environment = SubResource("Environment_1e4bn")

[node name="DirectionalLight3D" type="DirectionalLight3D" parent="."]
transform = Transform3D(-0.866023, -0.433016, 0.250001, 0, 0.499998, 0.866027, -0.500003, 0.749999, -0.43301, 0, 0, 0)
shadow_enabled = true

[node name="CSGBox3D" type="CSGBox3D" parent="."]
use_collision = true
size = Vector3(10, 1, 10)

[node name="SkeletonWarrior1" parent="." instance=ExtResource("1_85s4g")]
transform = Transform3D(1, 0, 0, 0, 1, 0, 0, 0, 1, 0, 0.5414, 0)

[node name="Camera3D" type="Camera3D" parent="."]
transform = Transform3D(1, 0, 0, 0, 0.839715, 0.543028, 0, -0.543028, 0.839715, 0, 5.20822, 7.03023)

[node name="CSGBox3D2" type="CSGBox3D" parent="."]
transform = Transform3D(0.906308, 0, -0.422618, 0, 1, 0, 0.422618, 0, 0.906308, -2, 1, 2)
use_collision = true
size = Vector3(2, 1, 1)

[node name="CSGBox3D3" type="CSGBox3D" parent="."]
transform = Transform3D(0.707107, 0, 0.707107, 0, 1, 0, -0.707107, 0, 0.707107, 2, 1, 2)
use_collision = true
size = Vector3(2, 1, 1)

[node name="CSGBox3D5" type="CSGBox3D" parent="."]
transform = Transform3D(0.707107, 0, -0.707107, 0, 1, 0, 0.707107, 0, 0.707107, 2, 1, -2)
use_collision = true
size = Vector3(2, 1, 1)

[node name="CSGBox3D4" type="CSGBox3D" parent="."]
transform = Transform3D(0.707107, 0, 0.707107, 0, 1, 0, -0.707107, 0, 0.707107, -2, 1, -2)
use_collision = true
size = Vector3(2, 1, 1)
